4294967278,59
4294967278,51
4294967278,50
4294967278,49
4294967278,47
4294967278,39
4294967278,246
4294967278,401
4294967278,240
4294967278,236
4294967278,234
4294967279,235
4294967278,353
4294967279,231
110,6
4294967278,228
110,5
110,4
110,3
110,2
110,1
4294967278,352
4294967279,538
4294967279,537
4294967294,398
4294967278,392
4294967278,209
4294967278,210
4294967294,1153
4294967294,206
4294967294,216
4294967294,476
4294967279,206
4294967279,322
4294967294,116
4294967279,244
4294967279,535
4294967279,534
4294967279,224
4294967278,197
4294967278,437
108,6
108,5
108,4
108,3
108,2
108,1
4294967279,317
4294967279,191
4294967279,315
4294967278,328
4294967278,386
4294967278,40
4294967278,38
4294967278,37
4294967278,36
4294967278,35
4294967278,34
4294967278,33
4294967278,32
4294967278,29
4294967278,27
4294967278,26
4294967278,25
4294967278,24
4294967278,23
4294967278,397
4294967278,283
4294967278,329
4294967278,330
4294967278,17
4294967278,15
4294967278,11
4294967278,10
4294967278,7
4294967278,6
4294967278,287
4294967278,5
4294967279,131
4294967279,125
4294967279,124
4294967279,356
4294967279,123
4294967279,122
4294967279,121
4294967279,119
4294967279,117
4294967279,516
4294967279,133
4294967279,323
4294967279,321
4294967279,359
4294967279,313
4294967279,358
4294967278,435
4294967294,113
4294967279,533
4294967278,184
4294967278,434
4294967279,185
4294967279,531
4294967279,180
4294967278,180
4294967279,181
4294967279,348
4294967278,179
4294967279,179
4294967278,176
4294967294,163
4294967278,309
4294967278,307
4294967278,417
4294967279,324
4294967278,351
4294967279,168
106,13
106,12
4294967279,167
106,11
4294967278,165
106,10
4294967279,166
106,9
4294967278,164
106,8
4294967279,165
106,7
106,6
4294967279,164
106,5
106,4
106,3
106,2
106,1
4294967279,302
4294967279,301
4294967278,432
4294967294,458
4294967294,413
4294967278,431
4294967279,530
4294967279,536
4294967279,147
4294967278,31
4294967294,205
4294967278,414
4294967278,396
4294967278,419
4294967279,142
4294967294,475
4294967278,140
4294967278,344
4294967278,139
4294967278,343
4294967279,277
4294967279,529
4294967279,2
62,3
4294967278,22
4294967294,474
4294967294,170
4294967278,21
4294967278,286
4294967294,473
4294967278,20
4294967278,19
4294967294,471
4294967278,18
4294967278,270
4294967294,511
4294967278,411
4294967294,510
4294967294,595
4294967294,209
4294967294,456
4294967278,342
4294967294,509
4294967294,508
4294967278,266
4294967294,507
4294967278,275
4294967294,405
4294967278,341
4294967294,506
4294967278,264
61,3
4294967279,528
4294967278,395
4294967279,527
4294967278,259
4294967279,565
4294967279,521
4294967279,520
104,5
4294967279,256
104,4
104,3
104,2
104,1
4294967279,518
4294967294,505
4294967278,253
4294967294,211
4294967294,416
4294967294,259
4294967294,213
4294967294,504
4294967294,409
4294967294,187
4294967279,251
4294967279,526
4294967279,517
4294967294,183
4294967294,465
4294967294,462
4294967294,384
4294967278,235
4294967294,212
4294967294,583
4294967278,230
59,3
4294967279,229
4294967279,523
4294967279,227
4294967279,355
4294967279,519
4294967279,561
4294967279,218
4294967279,515
4294967279,212
103,6
103,5
103,4
4294967279,213
103,2
103,1
4294967279,513
60,3
4294967279,211
4294967294,1429
4294967294,431
4294967294,397
4294967294,222
4294967294,392
4294967278,205
4294967294,1426
4294967279,552
4294967278,204
4294967278,403
4294967279,205
4294967279,200
4294967278,201
4294967279,201
4294967279,551
4294967278,132
4294967278,131
4294967278,130
4294967278,129
4294967278,128
4294967278,127
4294967278,126
4294967278,125
4294967278,124
4294967278,123
4294967278,122
4294967278,121
4294967278,120
4294967278,244
4294967278,119
4294967278,118
4294967278,117
4294967278,116
4294967278,115
4294967278,114
4294967278,113
4294967278,112
4294967278,174
4294967278,111
4294967278,110
4294967278,109
4294967278,108
4294967278,107
4294967278,430
4294967278,106
4294967278,105
4294967294,270
4294967278,405
4294967278,104
4294967278,103
4294967278,102
4294967278,101
4294967278,100
4294967278,99
4294967278,98
4294967278,97
4294967278,96
4294967278,95
4294967278,94
4294967278,93
4294967278,92
4294967278,91
4294967278,89
4294967278,87
4294967278,86
4294967278,85
4294967278,84
4294967278,83
4294967278,82
4294967278,79
4294967278,74
4294967278,72
4294967278,70
4294967278,69
4294967278,68
4294967278,67
4294967278,66
4294967278,65
4294967278,64
4294967278,63
4294967278,62
4294967278,61
4294967278,60
4294967278,88
4294967278,260
4294967279,349
4294967279,80
4294967279,79
4294967279,77
4294967279,75
4294967279,74
4294967279,73
4294967279,72
4294967279,71
4294967279,70
4294967279,69
4294967279,68
4294967279,67
4294967279,66
4294967279,65
4294967279,64
4294967279,63
4294967279,62
4294967279,61
4294967279,59
4294967279,57
4294967279,56
4294967279,55
4294967279,54
4294967279,53
4294967279,52
4294967279,51
4294967279,50
4294967279,49
4294967279,48
4294967279,47
4294967279,46
4294967279,45
4294967279,44
4294967279,43
4294967279,42
4294967279,41
4294967279,40
4294967279,39
4294967279,38
4294967279,37
4294967279,35
4294967279,34
4294967279,33
4294967279,32
4294967279,31
4294967279,30
4294967279,29
4294967279,28
4294967279,27
4294967279,26
4294967279,25
4294967279,24
4294967279,23
4294967279,22
4294967279,21
4294967279,20
4294967279,18
4294967279,16
4294967279,15
4294967279,14
4294967279,352
4294967279,13
4294967279,12
4294967279,11
4294967279,10
4294967279,9
4294967279,8
4294967279,7
4294967279,6
4294967279,5
4294967279,4
4294967279,199
4294967294,207
4294967278,196
4294967278,195
4294967278,340
4294967278,194
4294967278,193
4294967278,192
4294967278,191
4294967278,409
4294967278,420
4294967278,339
4294967279,314
4294967278,187
4294967278,186
4294967278,185
4294967279,184
101,6
101,5
4294967279,183
101,4
101,2
101,1
4294967278,338
4294967279,182
4294967279,347
4294967279,175
4294967278,418
4294967278,169
4294967278,415
4294967294,190
4294967294,189
4294967294,261
4294967279,246
4294967278,302
4294967278,301
4294967279,162
4294967279,260
